version https://git-lfs.github.com/spec/v1
oid sha256:d6f4112ef6118b0187e9ff4ada099a6967bc843718e214e4b261ea1f8ac570d5
size 541890
